-1	1	91801	91837	36.5405	33.4595	1.7027	0	30.8333	27.7667	30.0667	35.65	1.15	0	0	0	1	3	0	3	37
1	1	419257	419268	4.91667	0	0	0	15.7167	7.96667	11.0667	9.4	0	0	0	0	0	0	0	5	12
1	1	846121	846134	0.428571	0.0714286	0	0	6.18333	12.5333	10.4167	11.8833	0	0	0	0	0	6	0	24	14
-1	1	846974	847002	43.0345	3.13793	0	0	52.2	31.1333	0.833333	20.9167	0	0	0	0	0	0	1	7	29
1	1	1533607	1533619	1.92308	0	0	0	9.36667	6.23333	1.36667	3.78333	0	0	0	0	2	3	2	5	13
1	1	1705402	1706438	0.242044	0	0.579556	0.0395371	4.61667	1.46667	1.36667	0	0	0	0	0	1	0	0	3	1037
1	1	1723690	1723705	2.6875	0	0	0	5.36667	6.18333	8.11667	0.65	0	0	0	0	0	2	0	6	16
1	1	2730251	2730290	0.975	0.025	0	0	3.5	8.75	8.83333	5.81667	0	0	0	0	0	0	0	6	40
1	1	3030791	3030805	1.53333	0.133333	0	0	3.73333	9.3	5.81667	7.01667	0	0	0	0	0	0	0	10	15
1	1	3195774	3195789	3.0625	0.0625	0	0	9.36667	4.45	6.93333	1.78333	0	0	0	0	0	0	0	8	16
1	1	3497753	3498956	1.5407	1.20183	0.303987	0.032392	1.78333	3.76667	6.26667	10.65	0	0	0	0	0	2	0	5	1204
1	1	3581119	3581130	7.5	0	0	0	5.6	6.83333	8.1	7.13333	0	0	0	0	0	0	0	4	12
1	1	3773493	3773510	1.11111	0	0	0	8.43333	21.9333	0	0	0	0	0	0	1	0	0	3	18
1	1	3802870	3802884	0.666667	0	0	0	9.86667	4.21667	3.9	9.21667	0	0	0	0	2	0	0	7	15
-1	1	4009539	4009551	4.46154	11.8462	0	0	21.6667	12.0833	4.21667	18.1167	0	0	0	0	1	0	0	3	13
1	1	4455358	4455461	0.0769231	0	0	0	14.45	4.75	0.05	10.15	0	0	0	0	0	0	0	3	104
1	1	5380208	5380253	1.78261	0	0	0	16.25	7.8	14.8833	11.2667	0	0	0	0	0	2	0	13	46
1	1	5429649	5429670	0.909091	0	0	0	5.23333	3.6	1.48333	0	0	0	0	0	1	0	0	5	22
1	1	5507817	5507845	0.0344828	0	0	0	1.76667	1.16667	0.766667	0.133333	0	0	0	0	1	0	0	3	29
1	1	5550264	5550299	1.58333	0	0	0	13.2833	13.1	2.23333	8.65	0	0	0	0	1	0	0	13	36
1	1	5653835	5653847	0.153846	0	0	0	1.28333	6.6	0	0	0	0	0	0	1	0	0	2	13
1	1	5712048	5712068	0.857143	0	0	0	3.85	3.46667	6.71667	4.66667	0	0	0	0	0	2	0	10	21
1	1	6049937	6050171	0.225532	0	0	0	10.9833	3.88333	7.1	8.96667	0	0	0	0	0	0	0	11	235
1	1	6703728	6703945	0.0321101	0	0	0	1.1	2	2.26667	5.25	0	0	0	0	0	0	0	4	218
1	1	6950417	6950427	2.18182	0	0	0	14.0167	1.85	0	0	0	0	0	0	1	0	0	7	11
1	1	7000049	7000079	0	0	0	0	1.21667	1.51667	1.33333	1.15	0	0	0	0	1	0	0	3	31
1	1	7538577	7538635	0.237288	0	0	0	0.45	4.73333	4	0	0	0	0	0	0	2	0	6	59
1	1	7748471	7748482	0.333333	0	0	0	5.11667	3.95	1.38333	0	0	0	0	0	1	0	0	3	12
1	1	7750647	7750655	0.777778	0	0	0	9.41667	6.76667	0	0.716667	0	0	0	0	2	2	0	11	9
1	1	7915578	7915586	3.55556	0	0	0	5.75	4.4	8.46667	5.56667	0	0	0	0	0	0	0	10	9
-1	1	8062823	8062915	21.2903	7.08602	0	0	18.6833	16.35	26.6833	0	0	0	0	0	1	4	2	3	93
-1	1	8062693	8062710	4.22222	3.5	0	0	23.3167	11.3167	2.18333	17.2333	0	0	0	0	2	0	1	2	18
1	1	8153870	8154471	0	0	0	0	10.6667	0.8	1.41667	0	0	0	0	0	1	2	0	6	602
-1	1	8371084	8371617	8.10487	3.1367	0.0786517	0	7787.55	15.8667	0	3.7	0	0	0	0	4	2	2	4	534
1	1	8491579	8491604	0	0	0	0	0.133333	0	0	0	0	0	0	0	0	6	0	2	26
-1	1	10713468	10713527	2.98333	1.56667	0	0	0.65	3.8	1.08333	1.6	0	0	0	0	0	5	0	4	60
1	1	11538443	11538457	1.46667	0	0	0	13.3333	18.75	0	0	0	0	0	0	3	4	0	15	15
1	1	11617184	11617195	5.91667	0	0	0	16.4167	5.55	14.7167	9.65	0	0	0	0	0	3	0	17	12
1	1	11617183	11617194	6.83333	0	0	0	16.35	5.46667	15.0667	9.4	0	0	0	0	0	3	0	17	12
-1	1	11876746	11876820	14.3467	19.1333	0	0	13.2333	24.9833	23.6333	7.4	0	0	0	0	1	0	1	2	75
-1	1	12052637	12052673	25.2162	15.7838	0	0	12.8167	25.0167	21.0333	1.21667	0	0	0	0	1	3	3	3	37
-1	1	12292502	12292526	15.36	13.28	6.6	0	2527.17	15.4333	15.3667	4.15	807.617	0	0	0	0	5	0	4	25
1	1	12438704	12438714	4.18182	0.181818	0	0	4.35	5.23333	6.31667	7.15	0	0	0	0	0	0	0	3	11
1	1	12747026	12747038	1	0	0	0	13.7667	17.9167	2.18333	0.333333	0	0	0	0	1	0	2	10	13
1	1	13055892	13055904	3.38462	0	0	0	3.71667	3.81667	2.78333	1.38333	0	0	0	0	0	4	0	10	13
-1	1	13218155	13218224	5.71429	2.22857	0	0	11.7167	10.7	1.95	0.683333	0	0	0	0	3	0	4	3	70
-1	1	13220396	13220402	6	2	0	0	4.23333	7.06667	5.01667	1.05	0	0	0	0	1	3	0	5	7
1	1	13458567	13458577	3.27273	0	0	0	10.6	10.9833	10.4167	9.38333	0	0	0	0	0	4	0	16	11
-1	1	16239041	16239047	17.5714	14.7143	0	0	29.5833	26.65	13.35	14.95	0	0	0	0	3	4	0	9	7
1	1	16367907	16368696	0.0329114	0.00253165	0	0	4.36667	2.63333	4.25	3.75	0	0	0	0	0	0	0	4	790
1	1	16894725	16894738	0	0	0	0	1.2	1.1	0.666667	2.7	0	0	0	0	0	3	1	5	14
1	1	16909796	16909823	0.5	0	0	0	10.4	14.4	0.7	0	0	0	0	0	3	0	0	9	28
1	1	17190478	17190493	0.625	1	0	0	9.05	10.6333	0.483333	6.21667	0	0	0	0	0	0	0	3	16
1	1	17354666	17354672	1.71429	0	0	0	24.1667	5.46667	2.03333	8.21667	0	0	0	0	0	2	0	16	7
-1	1	17500101	17500140	21.775	1.275	0	0	16.5333	19.2833	3.76667	19.5833	0	0	0	0	2	5	1	3	40
1	1	18655307	18655320	3.92857	14.0714	0	0	3.68333	9.01667	13.6833	11.4333	0	0	0	0	2	3	0	4	14
-1	1	18968134	18968170	24.2162	1.94595	0	0	14.8833	32.7667	2.93333	0.833333	0	0	0	0	3	3	1	3	37
1	1	19577282	19577295	1	0	0	0	5.08333	7.56667	0	0.6	0	0	0	0	3	4	1	9	14
1	1	19989009	19989022	2.35714	0	0	0	8.68333	1.78333	10.5667	6.1	0	0	0	0	0	0	0	8	14
1	1	20054108	20054116	2.55556	0	0	0	8.53333	6.51667	8.93333	0.4	0	0	0	0	0	0	0	7	9
1	1	20054148	20054163	5.375	0.0625	0	0	1.91667	43.2	1.7	2	0	0	0	0	0	7	0	18	16
1	1	20911957	20911973	2	0	0	0	6.01667	3.5	7.7	6.06667	0	0	0	0	1	0	0	7	17
1	1	21468655	21468666	2.33333	0	0	0	1.53333	13.8333	0	1.06667	0	0	0	0	4	3	0	9	12
1	1	22936617	22936638	0.318182	0	0	0	9.8	13.1667	0	1.4	0	0	0	0	3	5	0	19	22
1	1	23562145	23562156	1.66667	0	0	0	19.2833	8.03333	0	6.18333	0	0	0	0	1	0	0	6	12
1	1	23644392	23644408	3.35294	0	1	0	3.8	5.73333	0.4	1.5	0.216667	0.116667	0	0	1	0	0	4	17
1	1	23644599	23644602	1.5	0	0	0	1.21667	3.15	2.28333	3.43333	0	0	0	0	0	0	0	2	4
1	1	23667543	23667549	1.42857	0	0	0	5.68333	2.6	2.61667	2.2	0	0	0	0	0	2	0	7	7
1	1	23953523	23953542	0	0	0	0	3.26667	0	0.133333	5.31667	0	0	0	0	1	3	2	11	20
1	1	24129673	24129836	0.237805	0	0.219512	0	2.4	1.28333	0	0	0	0	0	0	4	2	0	7	164
-1	1	24203225	24203286	2.69355	0.758065	0	0	3.8	14.7	7.7	1.55	0	0	0	0	0	0	0	4	62
-1	1	24889058	24889066	5.44444	17.8889	0	0	22.95	10.3	18.4333	19.1167	0	0	0	0	3	5	0	11	9
-1	1	24889115	24889192	6.74359	12.8974	0	0	9.41667	16.1667	20.25	8.08333	0	0	0	0	1	0	0	12	78
-1	1	24889114	24889191	6.79487	12.9487	0	0	9.38333	15.9167	20.2333	8.21667	0	0	0	0	1	0	0	11	78
1	1	24946453	24946526	1.28378	0	0	0	24.1833	12.2	0.666667	7.33333	0	0	0	0	1	5	0	12	74
1	1	24967067	24967078	2.66667	0	0	0	22.05	15	0	2.36667	0	0	0	0	5	6	0	14	12
1	1	25113512	25113525	1.5	0	0	0	8.38333	5.63333	0	4.01667	0	0	0	0	0	2	0	10	14
1	1	26320237	26320252	0.125	0	0	0	6.28333	1.6	0	0.7	0	0	0	0	2	3	0	7	16
1	1	26416916	26416933	3.5	0	0	0	30.3833	10.3167	2.65	8.75	0	0	0	0	2	9	0	22	18
1	1	26768177	26768195	2.73684	0	0	0	7.38333	7.66667	1.15	0	0	0	0	0	0	0	0	2	19
1	1	28512029	28512092	0.3125	0	0	0	7.65	3.18333	0	3.33333	0	0	0	0	0	0	0	6	64
1	1	29055266	29055283	3.38889	0	0	0	17.6833	19.9167	16.5833	0.65	0	0	0	0	0	0	0	9	18
1	1	29055264	29055281	4	0	0	0	18.15	19.0167	17.55	0.55	0	0	0	0	0	0	0	8	18
1	1	29231496	29231504	1.33333	0	0	0	8.16667	0.933333	0.75	2.36667	0	0	0	0	0	3	0	3	9
1	1	29324139	29325603	0.325597	0.0573379	5.61638	6.2744	3.41667	9.75	0	0	0	0	0	0	3	0	0	3	1465
1	1	29351088	29351106	0.526316	0	0	0	7.75	10.0667	6.45	1.4	0	0	0	0	3	3	0	11	19
1	1	30301600	30301608	7.66667	0	0	0	22.95	17.5167	1.1	5.61667	0	0	0	0	1	0	1	13	9
1	2	335181	335198	0.166667	0	0	0	3.83333	0.35	0	0	0	0	0	0	2	4	0	4	18
1	2	345914	346622	0.0141044	0	0	0	3.6	4.63333	0	4.35	0	0	0	0	0	0	0	2	709
1	2	631069	631339	0.0147601	0	2.78229	0.154982	4.81667	2.41667	0	0	0	0	0	0	4	4	0	7	271
1	2	1014134	1014163	0.6	0	0	0	7.18333	10.75	10.7667	0	0.216667	0.6	0.65	0	1	0	0	3	30
1	2	1851736	1851751	1.75	0	0	0	0	15.4	0	0.15	0	0	0	0	0	0	0	7	16
1	2	2294910	2295199	0.137931	0.00689655	0	0	2.2	6.53333	4.68333	6.95	0	0	0	0	0	0	0	6	290
1	2	2350934	2350944	0.454545	0	0	0	3.88333	0.783333	0.7	0.0166667	0	0	0	0	0	0	0	3	11
1	2	2350854	2350861	1	0	0	0	4.68333	4.15	0.216667	0.55	0	0	0	0	0	0	0	2	8
1	2	6209538	6210509	0.0133745	0.00102881	0	0	0.866667	3.23333	1.38333	3.4	0	0	0	0	0	0	0	3	972
1	2	6730613	6730636	10.7083	0	0	0	18.4	20.95	1.45	0	0	0	0	0	1	0	0	4	24
1	2	6818181	6818191	4.45455	0	0	0	17.5833	18.9667	0.5	19.3333	0	0	0	0	4	2	0	9	11
1	2	6829236	6829298	0.015873	0	1.61905	0	1.9	2.65	0.866667	7.28333	18.5333	13.1833	3	12	0	4	0	12	63
-1	2	6849412	6849432	9.66667	0	0	0	20.8333	3.4	7.06667	0.0333333	0	0	0	0	0	0	4	6	21
1	2	6856470	6856483	1.28571	0	0	0	2.56667	5.58333	3.98333	0.45	0	0	0	0	2	0	0	3	14
1	2	6952848	6952858	0	0	0	0	0	1.3	0	0.4	0	0	0	0	2	5	0	10	11
1	2	7141690	7141706	0.294118	0	0	0	2.56667	1.08333	2.01667	3.18333	0	0	0	0	0	0	0	5	17
-1	2	7282398	7282401	5.5	0	0	0	5.3	2.11667	8.9	2.31667	0	0	0	0	0	0	1	3	4
-1	2	8308602	8308659	23.8103	0.724138	0	0	7.73333	46.7667	10.15	0	0	0	0	0	1	0	0	7	58
1	2	8308427	8308438	5.58333	0	0	0	4.91667	13.7167	2.31667	4.3	0	0	0	0	0	0	1	4	12
1	2	8998712	8998725	1.07143	0	0	0	1.01667	4.43333	4.8	0.716667	0	0	0	0	0	0	0	4	14
1	2	9027431	9027467	0.918919	0.837838	8.45946	0	9.95	9.8	4.21667	0.4	5.45	2.88333	0	0	0	8	0	14	37
1	2	9062246	9062264	0.315789	0	0	0	1.95	5.7	1.38333	0.3	0	0	0	0	3	0	0	5	19
1	2	9098221	9099203	0.197355	0.0386572	0.48118	0.128179	1.81667	6.76667	3.16667	0.7	0.383333	0	0	0	1	0	0	6	983
1	2	10437848	10437868	0.428571	0	0	0	4.45	13.3333	1.31667	0.7	0	0	0	0	0	0	0	3	21
1	2	10448262	10448278	0	0.0588235	0	0	1.63333	0.883333	1.35	6.31667	0	0	0	0	0	0	0	4	17
-1	2	10533993	10534004	6.08333	7.66667	0	0	26.0167	2.16667	14.7333	14.1167	0	0	0	0	0	2	0	3	12
1	2	10673094	10673120	0.296296	0	0	0	0.583333	1.56667	3.95	1.53333	0	0	0	0	0	0	0	6	27
1	2	10731193	10731204	0.666667	0	0	0	1.93333	5.53333	6.73333	1.8	0	0	0	0	2	0	0	7	12
1	2	11228448	11228485	0.815789	0	0.157895	0	8.78333	8.58333	7.26667	0.366667	0	0.516667	0	0	2	2	0	13	38
1	2	11538728	11538739	1.41667	0	0	0	2.71667	0.833333	0.7	1.93333	0	0	0	0	0	0	0	6	12
1	2	11927535	11927548	0.928571	0	0	0	7.46667	7.98333	0.866667	0	0	0	0	0	0	0	0	2	14
1	2	12340603	12340619	0.823529	0	0	0	1.05	2.31667	2.8	5.13333	0	0	0	0	0	5	0	7	17
1	2	13673076	13673094	1.26316	0	0	0	4.23333	6.31667	5.93333	6.6	0	0	0	0	0	0	0	7	19
1	2	13836440	13836474	0.628571	0	0	0	7.86667	12.8167	5.1	6.73333	0	0	0	0	1	7	0	23	35
1	2	14125629	14125675	0	0	0	0	1.76667	0.4	0.233333	1.96667	0	0	0	0	0	0	0	4	47
1	2	15764591	15764607	2.88235	0	0	0	16.8833	8.11667	0.433333	11.85	0	0	0	0	2	16	0	17	17
1	2	16391345	16391389	0.711111	0	0	0	12.5167	18.1	12.8333	1.7	0	0	0	0	1	7	0	11	45
1	2	18899110	18899152	0.697674	0	0	0	8.33333	1.73333	8.76667	2.4	0	0	0	0	1	0	0	9	43
-1	2	19541262	19541292	7.09677	15.5806	0	0	20.4667	9.81667	13.35	13.4	0	0	0	0	2	2	0	10	31
1	3	242121	242146	0.384615	0	0	0	2.38333	2.65	4.66667	5.4	0	0	0	0	0	0	0	5	26
1	3	259826	259853	2	0	0	0	7.78333	16.8833	5.11667	0.833333	0	0	0	0	1	0	0	8	28
1	3	1049376	1049402	0.0740741	0	0	0	2.78333	0.25	1.5	2.7	0	0	0	0	0	0	0	5	27
1	3	1160051	1160066	0.125	0	0	0	1.16667	7.46667	2.56667	0	0	0	0	0	0	4	0	3	16
1	3	1552140	1552159	0.25	0	0	0	2.68333	3.53333	0.583333	2.76667	0	0	0	0	0	0	0	3	20
1	3	1585791	1585807	3.41176	0	0	0	5.48333	10.45	9.13333	11.3167	0	0	0	0	0	2	0	8	17
1	3	1588555	1588742	0.0212766	0	0	0	2.26667	2.5	1.8	1.48333	0	0	0	0	0	0	0	4	188
1	3	1605161	1605262	12.7843	28.3922	0	0	28.6333	26.8833	34.1833	24.5	0	0	0	0	0	7	0	15	102
1	3	1710631	1710657	1.40741	0	0	0	8.73333	14.8333	15.8333	13.05	0	1.23333	0	0	0	17	0	28	27
1	3	1714902	1714917	1.0625	0	0	0	4.33333	1.8	0	4.85	0	0	0	0	0	0	0	7	16
1	3	2892546	2892557	3.08333	0	0	0	20.1667	28.7333	6.98333	1.06667	0	0	0	0	2	0	0	19	12
1	3	2987280	2987305	2.42308	0.0384615	0	0	3.38333	7.1	6.06667	6.6	0	0	0	0	0	0	1	8	26
1	3	4809855	4809881	1.74074	0	0	0	3.46667	2.11667	1.46667	2.76667	0	0	0	0	0	0	0	3	27
1	3	5365064	5365076	4.23077	0	0	0	10.7	11.1833	10.3167	16.65	0	0	0	0	0	2	0	18	13
-1	3	5576478	5576510	5.51515	3.09091	0	0	15.35	20.0167	3.83333	18.8833	0	0	0	0	0	8	0	3	33
-1	3	5593687	5593869	28.0055	0.31694	4.30601	0.437158	37.5	43	7.3	0	7.96667	0	1.9	0	0	5	0	2	183
-1	3	5593789	5593869	22.4815	0	3.16049	0	39.3333	43	0	0	3.76667	0	0	0	2	4	0	3	81
-1	3	5593561	5593869	29.1586	2.38835	4.38188	0.737864	22.35	43	19.1833	0	0	0	0	0	1	5	0	7	309
1	3	5599407	5599419	1.15385	0	0	0	2.01667	1.5	0.3	0	0	0	0	0	2	3	0	5	13
1	3	5682981	5682995	3.66667	0	0	0	5.7	10.35	5.68333	1.4	0	0	0	0	0	0	0	6	15
1	3	5914774	5914797	1.79167	0	0	0	10.5833	5.01667	8.86667	9.45	0	0	0	0	0	4	0	15	24
1	3	6502667	6502677	2.45455	0	0	0	8.76667	10.8	0	7.41667	0	0	0	0	1	0	0	4	11
1	3	6708522	6708538	6.47059	0.176471	0	0	10.5333	11.65	7.06667	18.7833	0	0	0	0	0	0	0	13	17
1	3	6767672	6767679	1.25	0	0	0	5.23333	5.9	9.28333	3.8	0	0	0	0	2	5	0	15	8
1	3	6767764	6767775	1.33333	0	0	0	5.96667	8.16667	3.7	8.53333	0	0	0	0	0	6	0	12	12
-1	3	7675239	7675250	20.1667	0	0	0	33.5667	31.7667	0	2.56667	0	0	0	0	0	0	2	3	12
1	3	8299754	8299769	0	0	0	0	2.38333	1.98333	0	0	0	0	0	0	2	0	1	3	16
1	3	8404324	8404349	14	0	44.8846	63	8.73333	16.1	6.36667	12.4333	18.3333	0.05	26.4333	0	0	3	0	4	26
-1	3	9000793	9000836	6.20455	2.56818	0	0	6.66667	9.91667	3.03333	9.61667	0	0	0	0	0	7	0	4	44
-1	3	9221151	9221189	0.846154	0.230769	0	0	7.78333	5.2	0	3.8	0	0	0	0	2	2	0	2	39
1	3	9234513	9234526	3	0	0	0	9.4	4.65	7.36667	3.6	0	0	0	0	0	5	1	9	14
1	3	10371380	10371404	2.56	0	0	0	9.66667	6.36667	8.38333	4.61667	0	0	0	0	0	0	0	9	25
1	3	10472942	10472957	1.75	0	0	0	3.55	9.41667	4.73333	0	0	0	0	0	0	0	0	7	16
1	3	11007233	11007268	2.38889	0	36.8611	57.2222	14.6667	21.5833	0	0	6.86667	0.05	10.1	0	3	5	0	11	36
1	3	11025204	11025215	3.5	0	0	0	4.95	6.8	8.03333	2.78333	0	0	0	0	0	2	0	5	12
1	3	11025271	11025278	5.375	0	0	0	6.71667	10.1333	2.78333	0.483333	0	0	0	0	1	0	0	8	8
1	3	11276620	11276637	1.33333	0	0	0	1.96667	5.41667	3.63333	1.16667	0	0	0	0	1	2	0	4	18
1	3	14934534	14934553	4.2	0	0	0	11.1167	10.55	3.18333	5.31667	0	0	0	0	0	6	0	15	20
1	3	15917737	15917749	2.69231	0	0	0	14.05	7.6	8.35	14.3833	0	0	0	0	0	4	0	7	13
-1	3	16218929	16218947	59.9474	2.63158	0	0	66.55	42.5	6.5	1.36667	0	0	0	0	1	0	2	4	19
-1	3	16514294	16514305	8.91667	0.916667	0	0	21.0167	16.1167	2.53333	1.33333	0	0	0	0	1	3	4	3	12
1	3	16983730	16983750	1.57143	0	0	0	5.25	16.4333	8.7	5.38333	0	0	0	0	1	0	0	3	21
1	3	17099191	17099390	0.03	0	0	0	9.73333	8.86667	0	0	0	0	0	0	2	4	1	9	200
1	3	17598567	17598577	1.81818	0	0	0	1.85	0.633333	3.48333	2.03333	0	0	0	0	0	0	0	6	11
1	3	17738446	17738466	0.714286	0	0	0	1.46667	4.25	2.5	0	0	0	0	0	0	0	2	4	21
1	3	18006383	18006399	1.29412	0	0	0	0.583333	2.2	1.53333	2.75	0	0	0	0	0	0	0	3	17
1	3	19550390	19550488	0.111111	0	0	0	8.11667	2.41667	0	3.96667	0	0	0	0	3	2	0	6	99
-1	3	20039886	20039906	2.80952	0	0	0	7.58333	10.55	8.21667	0	0	0	0	0	0	0	3	5	21
-1	3	21353603	21353671	14.8841	5.82609	0	0	16.3833	33.1333	19.5333	10.4167	0	0	0	0	2	0	0	12	69
1	3	21883497	21883510	0.285714	0	0	0	4.41667	3.4	0.966667	0	0	0	0	0	0	3	0	3	14
1	3	23029879	23029917	0.128205	0	0	0	4.01667	0.583333	0.483333	0	0	0	0	0	0	2	1	3	39
-1	4	194205	194210	1.5	0	0	0	6.36667	5.15	5.35	7.08333	0	0	0	0	0	0	4	3	6
1	4	259502	259517	1.8125	0	0	0	18.5333	15.6667	14.05	0	0	0.55	0	0	0	0	0	3	16
-1	4	613875	613907	0	0	0	0	1.18333	0	3.88333	0	0.7	0	0	0	0	4	0	3	33
1	4	924348	924373	0.384615	0	0	0	1.3	0.533333	2.05	1.5	0	0	0	0	0	0	0	5	26
1	4	935175	935186	0	0	0	0	2.86667	4.93333	2.01667	7.15	0	0	0	0	0	0	0	5	12
1	4	1049145	1049218	0.135135	0	0	0	2.06667	4.13333	0	2.11667	0	0	0	0	1	0	0	4	74
-1	4	1071262	1071273	0.5	0	0	0	4.88333	15.6667	0.8	1.51667	0	0	0	0	2	0	3	6	12
1	4	1117473	1117487	0.266667	0	0	0	2.63333	0.616667	0	0	0	0	0	0	2	0	0	2	15
1	4	1117678	1117686	0.777778	0	0	0	0	19.9333	0	0.683333	0	1.41667	0	0	1	3	0	2	9
-1	4	1117140	1120922	16.742	1.26117	0.472905	0	1.26667	11.6333	0	9.2	0	0	0	0	0	0	0	3	3783
1	4	1287957	1288420	0.637931	0	0.0905172	0	0.116667	6.63333	2.61667	0	0	0	0	0	1	0	2	3	464
1	4	1303503	1303519	2.11765	0	0	0	5.96667	10.9833	3.46667	1.41667	0	0	0	0	0	0	0	4	17
1	4	5358821	5358833	6.76923	0	0	0	10.05	11.65	1.85	2.03333	0	0	0	0	0	0	2	3	13
1	4	5368382	5368396	0.6	0	0	0	2.5	0.35	4.41667	0.783333	0	0	0	0	0	5	0	10	15
-1	4	6073913	6073917	1.6	0	0	0	5.43333	11.95	3.8	1.36667	0	0	0	0	0	0	1	4	5
1	4	6097025	6097067	0.186047	0	0	0	3.35	2.71667	0	0	0	0	0	0	1	0	0	3	43
1	4	6170677	6170689	0.230769	0	0	0	0.5	0.65	0.616667	1.2	0	0	0	0	0	0	0	4	13
1	4	6229344	6229360	0.705882	0	0	0	13.4333	8.78333	0.766667	5.85	0	0	0	0	4	0	0	9	17
1	4	6345982	6346000	0.105263	0	0	0	1.86667	0.966667	0	1.61667	0	0	0	0	0	2	0	3	19
1	4	6905669	6905685	0	0	0	0	3.3	0.516667	0	1.26667	0	0	0	0	0	0	0	4	17
1	4	7458027	7458047	2.71429	0	0	0	20.3333	13.3833	0.0166667	11.7667	0	0	0	0	0	0	0	3	21
1	4	7726738	7726752	1.53333	0	0	0	1.51667	4.96667	4.35	6.6	0	0	0	0	0	0	0	5	15
1	4	8114662	8114672	1.09091	0	0	0	4.28333	1.1	0	1.91667	0	0	0	0	4	2	0	9	11
-1	4	8207965	8207989	2.32	0	0	0	5.85	8.85	1.16667	0	0	0	0	0	2	3	2	5	25
1	4	9007087	9007097	6.27273	0.363636	0	0	7.58333	12.2333	10.3833	12.4333	0	0	0	0	0	0	0	14	11
-1	4	11741145	11741162	7.33333	2.22222	0	0	12.9333	5.55	10.3	6.53333	2.6	0	0	0	0	5	2	4	18
1	4	11908630	11908642	2.84615	0	0	0	5.98333	3.93333	6.61667	7.63333	0	0	0	0	0	4	0	12	13
1	4	11982569	11982582	1.64286	0	0	0	2.1	7.7	1.16667	0	0	0	0	0	2	0	1	3	14
1	4	12083772	12083786	3.8	0	0	0	4.56667	10.35	8.18333	0.7	0	0	0	0	0	3	0	17	15
-1	4	12359796	12359817	1.63636	1.27273	0	0	1.7	3.33333	0.883333	4.66667	0	0	0	0	0	3	1	3	22
1	4	12420557	12420568	1.66667	0.0833333	0	0	10.65	5.88333	1.41667	11.2833	0	0	0	0	1	0	0	13	12
1	4	12509914	12509937	0	0	0	0	1.66667	2.46667	0.383333	1.91667	0	0	0	0	0	0	1	6	24
1	4	14245799	14245878	1.4125	0.5	0	0	9.73333	4.38333	12.9167	2.36667	0	0	0	0	0	0	0	3	80
1	4	14863731	14863776	0.195652	0	0	0	4.13333	0	0.316667	3.33333	0	0	0	0	1	0	0	5	46
1	4	15661327	15661335	3	0	0	0	11.3	3.96667	5.28333	7.18333	0	0	0	0	1	0	1	8	9
-1	4	15657930	15661335	10.382	15.1767	0	0	6.76667	3.96667	18.5667	7.18333	0	0	0	0	0	2	0	2	3406
-1	4	15889156	15889160	7.6	0	0	0	14.7667	27.4167	12.3	7.18333	0	0	0	0	0	0	3	3	5
-1	4	16555781	16555818	5.89474	0	0	0	12.8167	16.6833	10.7667	10.95	0	0	0	0	1	0	0	6	38
1	4	16951539	16951681	4.43357	0	22.8392	1.44755	0.45	0.716667	0.65	0	0	0	0	0	0	2	1	3	143
1	4	17223396	17223410	0.666667	0	0	0	4.88333	1.58333	5.61667	3.78333	0	0	0	0	0	2	0	6	15
1	4	18069649	18069674	0.615385	0	0	0	3	6.71667	5.91667	8.61667	0	0	0	0	0	0	0	3	26
-1	4	18428415	18428473	3.61017	5.71186	0	0	7.7	2.81667	13.7	11.3667	0	0	0	0	0	5	0	3	59
