1	1	8062692	8062700	23.6167	9.43333	2.31667	13	0	0	0	0	1	0	1	4	9
1	1	8062693	8062701	23.3167	9.61667	2.18333	13.4167	0	0	0	0	1	0	1	4	9
-1	1	12292432	12292434	340.35	2757.97	13.6333	15.2	0	737.433	0	0	1	0	5	2	3
-1	1	16894742	16894743	0.616667	1.2	0.5	2.86667	0	0	0	0	0	3	1	6	2
1	1	19609941	19609947	22.8667	18.0833	0.566667	8.33333	0	0	0	0	1	0	1	7	7
1	1	19609942	19609948	22.3833	18.45	0.566667	8.33333	0	0	0	0	1	0	1	6	7
1	1	23953474	23953479	5.78333	1.4	4	0	0	0	0	0	0	0	2	4	6
1	1	24129905	24129908	1.35	3.18333	0	0	0	0	0	0	2	0	1	2	4
1	2	678492	678495	13.9167	23.6833	0	0	0	0	0	0	2	0	2	9	4
1	2	678493	678496	13.6667	24.1167	0	0	0	0	0	0	2	0	2	9	4
1	2	1977467	1977472	5.1	4.76667	0	5.51667	0	0	0	0	2	0	3	4	6
1	2	5644234	5644237	9.9	16.8667	11.25	1.5	0	0	0	0	1	3	1	4	4
1	2	8204362	8204365	17.4667	11.2833	3.88333	0	0	0	0	0	1	0	2	14	4
1	2	8204363	8204366	16.9667	11.6333	3.81667	0	0	0	0	0	1	0	1	15	4
1	2	8790560	8790564	13.1667	13.85	2.08333	0.2	0	0	0	0	1	2	1	3	5
1	2	9019898	9019901	12.75	16.9833	2.23333	15.3333	0	0	0	0	2	7	3	15	4
-1	2	11732543	11732544	20.95	34.2667	0	3.06667	0	0	0	0	2	0	3	3	2
1	2	11744329	11744332	20.2667	22.0833	0.0166667	9.33333	0	0	0	0	3	10	3	26	4
-1	2	11855194	11855195	4.96667	15.3	9.98333	0.983333	1.2	1.35	0	0	0	2	0	6	2
-1	2	11855192	11855193	4.96667	15.3	9.98333	0.983333	1.2	1.35	0	0	0	2	0	6	2
1	3	4523738	4523741	5.85	13.35	0.966667	2.7	0	0	0	0	3	2	2	7	4
1	3	5653338	5653341	12.6167	5.88333	2.53333	4.75	0	0	0	0	2	2	3	8	4
1	3	8299912	8299915	0.65	5.43333	0.6	0	0	0	0	0	2	0	2	2	4
1	3	8299913	8299916	0.733333	5.35	0.6	0	0	0	0	0	2	0	2	2	4
1	3	9000793	9000795	6.66667	8.4	3.03333	4.93333	0	0	0	0	4	0	0	2	3
1	3	21883426	21883431	1.58333	4.75	4.61667	0.95	0	0	0	0	0	0	3	3	6
1	3	21883427	21883432	1.61667	4.7	4.53333	0.966667	0	0	0	0	0	0	3	3	6
1	3	21883428	21883433	1.65	4.63333	4.45	0.983333	0	0	0	0	0	0	3	3	6
-1	4	194199	194202	6.73333	4.63333	6.9	5.53333	0	0	0	0	0	0	3	5	4
-1	4	821480	821481	7.08333	17.2	0.533333	0	0	0	0	0	1	0	6	3	2
-1	4	1071539	1071540	14.05	13.4333	0.0166667	2.81667	0	0	0	0	0	2	6	3	2
-1	4	6073912	6073914	5.63333	11.1667	3.83333	1.36667	0	0	0	0	0	0	2	4	3
1	4	7108738	7108744	13.7333	13.25	7.98333	7	0	0	0	0	2	0	0	9	7
1	4	7108739	7108745	13.5833	13.3167	7.81667	7.33333	0	0	0	0	2	0	0	9	7
1	4	10501314	10501315	6.4	3.1	2.8	3.78333	0	0	0	0	0	4	2	5	2
1	4	10501311	10501313	6.4	3.1	2.8	3.78333	0	0	0	0	0	0	1	4	3
1	4	11620397	11620404	4.55	2.75	0	5.03333	0	0	0	0	2	0	1	3	8
1	4	13806667	13806670	10.1167	8.83333	8.33333	1.9	0	0	0	0	2	0	1	8	4
-1	4	15889163	15889164	13.4333	30.2833	9.73333	7.9	0	0	0	0	0	0	6	3	2
1	4	16951726	16951728	1.68333	5.26667	0	0.5	1.65	0	0.0833333	0	1	6	1	8	3
1	4	18428414	18428421	7.8	3.53333	14.15	6.8	0	0	0	0	0	0	0	3	8
1	4	18428415	18428422	7.7	3.51667	13.7	6.91667	0	0	0	0	0	0	0	3	8
1	4	18439093	18439096	6.9	19.6833	0.05	0	0	0	0	0	3	3	2	9	4
